tweet_id,favorites,retweets
892420643555336193,38148,8346
892177421306343426,32716,6171
891815181378084864,24632,4081
891689557279858688,41487,8490
891327558926688256,39662,9183
891087950875897856,19915,3058
890971913173991426,11640,2027
890729181411237888,64377,18527
890609185150312448,27355,4197
890240255349198849,31403,7251
890006608113172480,30184,7202
889880896479866881,27345,4887
889665388333682689,47347,9871
889638837579907072,26724,4463
889531135344209921,14866,2206
889278841981685760,24847,5279
888917238123831296,28633,4414
888804989199671297,25145,4219
888554962724278272,19523,3488
888078434458587136,21409,3433
887705289381826560,29690,5291
887517139158093824,45556,11465
887473957103951883,67979,17851
887343217045368832,33152,10223
887101392804085760,30091,5859
886983233522544640,34594,7630
886736880519319552,11860,3222
886680336477933568,22086,4385
886366144734445568,20855,3143
886267009285017600,116,4
886258384151887873,27541,6175
886054160059072513,0,105
885984800019947520,32141,6675
885528943205470208,35412,6321
885518971528720385,20113,3696
885311592912609280,0,18246
885167619883638784,21580,4303
884925521741709313,76257,17972
884876753390489601,27493,5549
884562892145688576,23923,4646
884441805382717440,26565,5559
884247878851493888,71886,20130
884162670584377345,20035,2939
883838122936631299,21562,3388
883482846933004288,45190,9779
883360690899218434,22324,3640
883117836046086144,36600,6555
882992080364220416,23586,3857
882762694511734784,27864,4839
882627270321602560,27484,5988
882268110199369728,44267,11408
882045870035918850,28921,4890
881906580714921986,23943,3339
881666595344535552,49821,10497
881633300179243008,124,7
881536004380872706,48678,15690
881268444196462592,22734,5088
880935762899988482,16753,2739
880872448815771648,20944,3753
880465832366813184,28086,6173
880221127280381952,26637,4149
880095782870896641,27214,4288
879862464715927552,21984,3445
879674319642796034,307,10
879492040517615616,23066,3139
879415818425184262,104278,43563
879376492567855104,16525,3071
879130579576475649,0,6722
879050749262655488,22221,4651
879008229531029506,18697,2657
878776093423087618,19128,4072
878604707211726852,29814,7096
878404777348136964,0,1270
878316110768087041,0,6561
878281511006478336,7632,1270
878057613040115712,41420,6722
877736472329191424,78622,18820
877611172832227328,0,80
877556246731214848,22398,3756
877316821321428993,26984,5104
877201837425926144,26737,5514
876838120628539392,20393,3299
876537666061221889,23176,4573
876484053909872640,18496,2366
876120275196170240,27527,4635
875747767867523072,24844,4243
875144289856114688,21619,4870
875097192612077568,27046,5979
875021211251597312,25121,4667
874680097055178752,27454,4596
874434818259525634,0,14577
874296783580663808,25715,4068
874057562936811520,22354,3917
874012996292530176,34143,10313
873580283840344065,23899,3909
873337748698140672,0,1572
873213775632977920,7145,1572
872967104147763200,27040,5364
872820683541237760,14543,3667
872620804844003328,20561,3669
872486979161796608,40230,8958
872261713294495745,33832,6280
872122724285648897,34067,8079
871879754684805121,37586,11110
871762521631449091,20074,3457
871515927908634625,20021,3438
871166179821445120,0,5679
871102520638267392,20752,5485
871032628920680449,22474,3805
870804317367881728,33331,6185
870726314365509632,119,3
870656317836468226,12312,2640
870374049280663552,82126,26178
870308999962521604,21682,4149
870063196459192321,36421,8345
869772420881756160,42156,10033
869702957897576449,28074,6354
869596645499047938,15890,3137
869227993411051520,20327,3791
868880397819494401,65342,14516
868639477480148993,0,2103
868622495443632128,26723,5395
868552278524837888,10095,2103
867900495410671616,24116,4198
867774946302451713,33929,7371
867421006826221569,16083,2522
867072653475098625,0,121
867051520902168576,32203,7920
866720684873056260,20060,4848
866686824827068416,19326,3513
866450705531457537,122261,35555
866334964761202691,52608,14577
866094527597207552,0,8450
865718153858494464,25665,5670
865359393868664832,26519,5055
865006731092295680,28066,7768
864873206498414592,32372,8795
864279568663928832,14671,3073
864197398364647424,30265,9052
863907417377173506,20701,4198
863553081350529029,15366,4231
863471782782697472,0,2486
863432100342583297,23927,5336
863427515083354112,2276,98
863079547188785154,8809,1118
863062471531167744,8572,2486
862831371563274240,19268,5169
862722525377298433,17160,3582
862457590147678208,20668,5038
862096992088072192,75030,23685
861383897657036800,36322,10890
861288531465048066,17316,4228
861005113778896900,16830,3869
860981674716409858,0,2196
860924035999428608,0,838
860563773140209665,7571,2196
860524505164394496,23828,5380
860276583193509888,18459,3547
860184849394610176,16842,5958
860177593139703809,0,31521
859924526012018688,19736,4184
859851578198683649,15556,3585
859607811541651456,18775,1608
859196978902773760,90945,30906
859074603037188101,34255,13923
858860390427611136,0,8345
858843525470990336,15710,3559
858471635011153920,21759,4967
858107933456039936,15914,2989
857989990357356544,16332,2648
857746408056729600,34733,10927
857393404942143489,5989,1690
857263160327368704,20279,4651
857214891891077121,232,18
857062103051644929,0,177
857029823797047296,19217,4121
856602993587888130,0,11017
856543823941562368,16513,2966
856526610513747968,12021,1940
856330835276025856,0,701
856288084350160898,527,17
856282028240666624,28190,6521
855862651834028034,352,28
855860136149123072,5126,1063
855857698524602368,12065,2183
855851453814013952,46234,18303
855818117272018944,27081,5614
855459453768019968,30517,8505
855245323840757760,0,6199
855138241867124737,0,47
854732716440526848,23325,6346
854482394044301312,29944,7137
854365224396361728,19320,4876
854120357044912130,32699,7799
854010172552949760,16584,3288
853760880890318849,29274,6046
853639147608842240,35737,10581
853299958564483072,15928,3731
852936405516943360,0,2103
852912242202992640,9300,1920
852672615818899456,15328,2258
852553447878664193,16821,3685
852311364735569921,34050,10359
852226086759018497,20579,7125
852189679701164033,11799,1665
851953902622658560,0,10118
851861385021730816,0,23
851591660324737024,16694,3644
851464819735769094,25027,7431
851224888060895234,21333,6008
850753642995093505,32026,9771
850380195714523136,13480,2753
850333567704068097,3542,352
850145622816686080,16864,4033
850019790995546112,21143,5164
849776966551130114,31507,8017
849668094696017920,0,5235
849412302885593088,16426,3317
849336543269576704,11825,1993
849051919805034497,43992,8997
848690551926992896,26107,4566
848324959059550208,25669,4859
848213670039564288,8467,786
848212111729840128,16926,3251
847978865427394560,0,3448
847971574464610304,0,453
847962785489326080,24396,5402
847842811428974592,5687,1421
847617282490613760,7273,450
847606175596138505,19488,3597
847251039262605312,21249,4556
847157206088847362,20732,6210
847116187444137987,22255,3393
846874817362120707,20880,4170
846514051647705089,46445,12318
846505985330044928,14685,3283
846153765933735936,32989,9632
846139713627017216,32136,10490
846042936437604353,16642,3076
845812042753855489,30511,9302
845677943972139009,26150,5087
845397057150107648,7950,1925
845306882940190720,24297,5736
845098359547420673,0,8156
844979544864018432,14212,2752
844973813909606400,15758,3421
844704788403113984,40397,11017
844580511645339650,17189,3349
844223788422217728,14222,2342
843981021012017153,15785,3117
843856843873095681,22330,4936
843604394117681152,17626,2942
843235543001513987,22454,6455
842846295480000512,15903,3839
842765311967449089,7048,1360
842535590457499648,18913,3742
842163532590374912,25600,6199
842115215311396866,14647,3239
841833993020538882,0,16405
841680585030541313,26811,8290
841439858740625411,13212,3925
841320156043304961,20665,5810
841314665196081154,16568,5022
841077006473256960,23953,5679
840761248237133825,0,1877
840728873075638272,0,17341
840698636975636481,187,2
840696689258311684,12878,1047
840632337062862849,9399,1877
840370681858686976,17251,4879
840268004936019968,20204,6146
839990271299457024,14075,2464
839549326359670784,28869,8345
839290600511926273,0,154
839239871831150596,28552,7017
838952994649550848,20573,4262
838921590096166913,11724,2231
838916489579200512,0,36
838831947270979586,0,11873
838561493054533637,11458,1423
838476387338051585,23719,5170
838201503651401729,0,10841
838150277551247360,1767,354
838085839343206401,149,0
838083903487373313,18523,3391
837820167694528512,35929,8450
837482249356513284,4028,476
837471256429613056,13439,2465
837366284874571778,22209,5696
837110210464448512,16836,2575
836989968035819520,13379,2472
836753516572119041,20206,4969
836677758902222849,13256,2392
836648853927522308,0,591
836397794269200385,0,29756
836380477523124226,15477,3185
836260088725786625,22369,4623
836001077879255040,20110,4624
835685285446955009,0,8791
835574547218894849,18721,3905
835536468978302976,0,1837
835309094223372289,0,22661
835297930240217089,17279,3229
835264098648616962,8157,1837
835246439529840640,2198,78
835172783151792128,27518,6190
835152434251116546,23642,3253
834931633769889797,11416,1783
834786237630337024,22287,5910
834574053763584002,14418,2734
834477809192075265,0,11522
834458053273591808,10133,1810
834209720923721728,21710,5165
834167344700198914,16607,3927
834089966724603904,10581,2290
834086379323871233,13772,2397
833863086058651648,14128,2598
833826103416520705,18947,4037
833732339549220864,0,233
833722901757046785,21819,3468
833479644947025920,15668,2235
833124694597443584,21282,5235
832998151111966721,14023,2395
832769181346996225,0,40
832757312314028032,17746,3921
832682457690300417,12527,3173
832645525019123713,3085,563
832636094638288896,16740,3030
832397543355072512,12596,2404
832369877331693569,18107,3448
832273440279240704,11933,2524
832215909146226688,0,6698
832215726631055365,0,10157
832088576586297345,70,2
832040443403784192,0,10519
832032802820481025,18822,5025
831939777352105988,25339,6639
831926988323639298,360,35
831911600680497154,29213,7056
831670449226514432,11028,1962
831650051525054464,7578,2103
831552930092285952,9510,2485
831322785565769729,9715,1652
831315979191906304,6896,1210
831309418084069378,12391,2640
831262627380748289,12579,2224
830956169170665475,8421,1621
830583320585068544,70728,18246
830173239259324417,0,6186
830097400375152640,10379,3258
829878982036299777,0,5439
829861396166877184,12926,2123
829501995190984704,33573,11522
829449946868879360,11068,2204
829374341691346946,36608,10118
829141528400556032,25923,8046
829011960981237760,56079,17609
828801551087042563,0,3691
828770345708580865,27064,6367
828708714936930305,38756,12198
828650029636317184,10056,1462
828409743546925057,6662,1248
828408677031882754,8100,1394
828381636999917570,13372,2416
828376505180889089,7815,1153
828372645993398273,13266,3196
828361771580813312,2322,184
828046555563323392,12452,3108
828011680017821696,10979,2335
827933404142436356,21335,5679
827653905312006145,16336,3267
827600520311402496,7846,1030
827324948884643840,16812,3333
827199976799354881,11208,2439
826958653328592898,22874,5439
826848821049180160,38663,11117
826615380357632002,0,4299
826598799820865537,5424,277
826598365270007810,10687,2555
826476773533745153,19537,4560
826240494070030336,14078,2813
826204788643753985,5176,1015
826115272272650244,16620,3416
825876512159186944,11098,2034
825829644528148480,13517,2709
825535076884762624,55273,18719
825147591692263424,19426,4986
825120256414846976,0,1396
825026590719483904,6737,1396
824796380199809024,0,5988
824775126675836928,15900,3839
824663926340194305,10695,1892
824325613288833024,12511,11314
824297048279236611,15990,4216
824025158776213504,5073,644
823939628516474880,11313,2957
823719002937630720,0,12248
823699002998870016,13369,2640
823581115634085888,13855,2882
823333489516937216,740,28
823322678127919110,16727,4384
823269594223824897,0,10750
822975315408461824,18381,3753
822872901745569793,140782,47866
822859134160621569,14063,2493
822647212903690241,0,7003
822610361945911296,15708,3238
822489057087389700,19320,7003
822462944365645825,30310,16009
822244816520155136,37262,10750
822163064745328640,0,5254
821886076407029760,12091,2558
821813639212650496,0,3650
821765923262631936,8965,1819
821522889702862852,8535,1934
821421320206483457,0,6119
821407182352777218,12537,4754
821153421864615936,270,10
821149554670182400,9284,2199
821107785811234820,10210,2327
821044531881721856,13496,2504
820837357901512704,0,7327
820749716845686786,33604,10841
820690176645140481,13003,3531
820494788566847489,0,620
820446719150292993,0,2828
820314633777061888,3552,620
820078625395449857,21130,6880
820013781606658049,0,1298
819952236453363712,5665,1298
819924195358416896,13713,5296
819711362133872643,14353,3434
819588359383371776,10196,2152
819347104292290561,7700,1323
819238181065359361,2429,442
819227688460238848,24618,7327
819015337530290176,0,40168
819015331746349057,0,20712
819006400881917954,48151,20712
819004803107983360,92167,40168
818646164899774465,0,22847
818627210458333184,23663,8152
818614493328580609,10530,2830
818588835076603904,0,6728
818536468981415936,11642,2714
818307523543449600,0,8899
818259473185828864,11774,2509
818145370475810820,13113,2843
817908911860748288,5164,866
817827839487737858,55379,29756
817777686764523521,11420,2930
817536400337801217,12605,3326
817502432452313088,0,3713
817423860136083457,36543,16405
817415592588222464,5990,1056
817181837579653120,0,9324
817171292965273600,9313,2204
817120970343411712,12996,2877
817056546584727552,9158,1815
816829038950027264,0,5177
816816676327063552,10681,2233
816697700272001025,10471,2427
816450570814898180,32664,8899
816336735214911488,9183,2146
816091915477250048,9533,2365
816062466425819140,0,1142
816014286006976512,0,5833
815990720817401858,5337,1142
815966073409433600,23994,9324
815745968457060357,0,4544
815736392542261248,10519,2496
815639385530101762,8784,1807
815390420867969024,11077,4179
814986499976527872,8160,1421
814638523311648768,12054,2972
814578408554463233,0,6372
814530161257443328,9269,2033
814153002265309185,30784,9544
813944609378369540,0,3511
813910438903693312,9940,2066
813812741911748608,38884,15384
813800681631023104,8927,1928
813217897535406080,19991,8016
813202720496779264,9825,1973
813187593374461952,21223,4799
813172488309972993,9983,2101
813157409116065792,8297,2439
813142292504645637,9012,2593
813130366689148928,4775,488
813127251579564032,12687,3439
813112105746448384,11051,3027
813096984823349248,11262,3963
813081950185472002,10562,3044
813066809284972545,8521,2141
813051746834595840,22448,8058
812781120811126785,8110,2100
812747805718642688,0,7620
812709060537683968,7097,1570
812503143955202048,6504,1347
812466873996607488,8560,2116
812372279581671427,14680,4029
811985624773361665,7780,1546
811744202451197953,8085,1772
811647686436880384,5974,817
811627233043480576,13696,3441
811386762094317568,22387,7034
810984652412424192,5708,1578
810896069567610880,9695,1968
810657578271330305,11746,2912
810284430598270976,37973,12552
810254108431155201,15741,3691
809920764300447744,16605,4299
809808892968534016,0,5398
809448704142938112,7426,1616
809220051211603969,21361,6186
809084759137812480,14173,3856
808838249661788160,10834,3348
808733504066486276,8484,2389
808501579447930884,12097,2865
808344865868283904,45566,22847
808134635716833280,0,6554
808106460588765185,9349,2416
808001312164028416,13486,3893
807621403335917568,15625,4055
807106840509214720,127364,61160
807059379405148160,0,8080
807010152071229440,13984,4213
806629075125202948,80580,38367
806620845233815552,0,6082
806576416489959424,5196,2115
806542213899489280,10959,2609
806242860592926720,0,12869
806219024703037440,6885,1317
805958939288408065,0,5923
805932879469572096,8867,2107
805826884734976000,7064,2016
805823200554876929,0,8859
805520635690676224,6147,1815
805487436403003392,9405,2793
805207613751304193,8369,1879
804738756058218496,14736,4242
804475857670639616,6594,2215
804413760345620481,0,3550
804026241225523202,47902,17867
803773340896923648,10775,3051
803692223237865472,0,8186
803638050916102144,11788,4555
803380650405482500,8313,2047
803321560782307329,0,5861
803276597545603072,10756,2723
802952499103731712,9693,2214
802624713319034886,0,3226
802600418706604034,7640,1625
802572683846291456,9592,2755
802323869084381190,17448,6433
802265048156610565,7084,1503
802239329049477120,9747,2870
802185808107208704,0,293
801958328846974976,8282,1884
801854953262350336,1886,258
801538201127157760,8808,2268
801285448605831168,6506,919
801167903437357056,26321,6554
801127390143516673,0,4384
801115127852503040,8684,2306
800859414831898624,742,107
800855607700029440,0,1797
800751577355128832,11274,3059
800513324630806528,14106,3314
800459316964663297,10154,2387
800443802682937345,0,4759
800388270626521089,11969,3095
800188575492947969,0,4345
800141422401830912,16438,2828
800018252395122689,30496,14522
799774291445383169,0,5167
799757965289017345,9033,2387
799422933579902976,8644,2112
799308762079035393,0,6099
799297110730567681,10653,3060
799063482566066176,8698,2721
798933969379225600,14144,4943
798925684722855936,7992,1586
798705661114773508,0,7281
798701998996647937,0,8604
798697898615730177,0,7183
798694562394996736,0,5470
798686750113755136,0,2568
798682547630837760,0,5207
798673117451325440,0,6115
798665375516884993,0,4287
798644042770751489,0,2039
798628517273620480,0,2166
798585098161549313,0,6290
798576900688019456,0,6468
798340744599797760,0,3710
798209839306514432,11153,2827
797971864723324932,12513,3461
797545162159308800,15581,5359
797236660651966464,21470,7315
797165961484890113,248,29
796904159865868288,0,9800
796865951799083009,8249,2100
796759840936919040,12763,3370
796563435802726400,0,8050
796484825502875648,8147,1946
796387464403357696,11825,4594
796177847564038144,0,15795
796149749086875649,34781,15795
796125600683540480,5307,1967
796116448414461957,9773,2672
796080075804475393,9089,2565
796031486298386433,11605,4063
795464331001561088,53538,26283
795400264262053889,10855,3164
795076730285391872,17440,5988
794983741416415232,0,3714
794926597468000259,11054,2550
794355576146903043,0,11348
794332329137291264,10289,2919
794205286408003585,9877,3650
793962221541933056,18090,5398
793845145112371200,9886,2066
793614319594401792,0,3438
793601777308463104,8566,1806
793500921481273345,11497,2623
793286476301799424,26460,10157
793271401113350145,9294,2611
793256262322548741,21491,9190
793241302385262592,11303,3613
793226087023144960,10585,3155
793210959003287553,9613,3106
793195938047070209,16415,6200
793180763617361921,7440,2192
793165685325201412,10114,3070
793150605191548928,6632,1882
793135492858580992,6957,2756
793120401413079041,13648,4314
792913359805018113,15406,4432
792883833364439040,12163,4714
792773781206999040,7892,1855
792394556390137856,14464,4727
792050063153438720,7716,1982
791821351946420224,0,23181
791784077045166082,0,10624
791780927877898241,0,4196
791774931465953280,48515,24473
791672322847637504,12627,3438
791406955684368384,14098,4544
791312159183634433,9442,2806
791026214425268224,0,4538
790987426131050500,10632,2359
790946055508652032,17847,5177
790723298204217344,0,2555
790698755171364864,8800,2101
790581949425475584,22203,7916
790337589677002753,8403,2059
790277117346975746,13467,3511
790227638568808452,0,3934
789986466051088384,9937,2555
789960241177853952,0,4568
789903600034189313,11160,4544
789628658055020548,8076,1966
789599242079838210,7268,2134
789530877013393408,12644,3714
789314372632018944,9251,2537
789280767834746880,0,5453
789268448748703744,9788,2835
789137962068021249,10428,3077
788908386943430656,29428,13634
788765914992902144,29459,11348
788552643979468800,0,7932
788412144018661376,16752,5843
788178268662984705,7769,2333
788150585577050112,6608,1434
788070120937619456,0,3767
788039637453406209,6595,1456
787810552592695296,9315,3358
787717603741622272,10969,3065
787397959788929025,11645,3120
787322443945877504,8363,1918
787111942498508800,0,7386
786963064373534720,28530,8791
786729988674449408,0,2658
786709082849828864,19508,6698
786664955043049472,11433,2822
786595970293370880,10094,3403
786363235746385920,11696,3858
786286427768250368,8555,3147
786233965241827333,16421,5254
786051337297522688,1547,169
786036967502913536,0,7771
785927819176054784,12180,3474
785872687017132033,7168,2006
785639753186217984,8374,2436
785533386513321988,9761,2205
785515384317313025,6535,1382
785264754247995392,7785,1798
785170936622350336,12975,5343
784826020293709826,10865,3550
784517518371221505,9613,2784
784431430411685888,6100,1408
784183165795655680,21561,8859
784057939640352768,32037,12248
783839966405230592,32203,11873
783821107061198850,7883,2153
783695101801398276,11190,3541
783466772167098368,9045,2476
783391753726550016,18055,6051
783347506784731136,0,6150
783334639985389568,31310,12869
783085703974514689,8709,2441
782969140009107456,25818,8080
782747134529531904,7994,1532
782722598790725632,18489,5923
782598640137187329,8321,2055
782305867769217024,17848,6119
782021823840026624,0,6851
781955203444699136,11888,3686
781661882474196992,11179,2973
781655249211752448,4284,1234
781524693396357120,22218,6082
781308096455073793,7633,2789
781251288990355457,9027,2303
781163403222056960,10448,2997
780931614150983680,23155,8050
780858289093574656,7697,2189
780800785462489090,5896,1423
780601303617732608,12923,3650
780543529827336192,6748,1903
780496263422808064,0,4071
780476555013349377,0,128
780459368902959104,5652,1175
780192070812196864,9310,2452
780092040432480260,0,2523
780074436359819264,13099,5474
779834332596887552,20323,7771
779377524342161408,9433,3407
779124354206535695,0,20169
779123168116150273,12624,3985
779056095788752897,15819,4955
778990705243029504,21423,7971
778774459159379968,0,10915
778764940568104960,915,402
778748913645780993,7377,1459
778650543019483137,6178,1632
778624900596654080,4976,1111
778408200802557953,14592,4762
778396591732486144,0,13411
778383385161035776,6237,1208
778286810187399168,11110,3621
778039087836069888,9063,2888
778027034220126208,7000,1775
777953400541634568,0,3857
777885040357281792,6800,1797
777684233540206592,11998,3226
777641927919427584,0,4650
777621514455814149,9374,2729
777189768882946048,15302,4741
776819012571455488,0,15047
776813020089548800,5210,1324
776477788987613185,9444,3064
776249906839351296,0,10008
776218204058357768,32050,17457
776201521193218049,10246,2759
776113305656188928,12541,4759
776088319444877312,1958,166
775898661951791106,0,17957
775842724423557120,12510,2926
775733305207554048,14784,4384
775729183532220416,13802,4988
775364825476165632,7930,3249
775350846108426240,10833,4269
775085132600442880,16584,5167
774757898236878852,9116,1933
774639387460112384,7175,1900
774314403806253056,23218,6099
773985732834758656,11452,4235
773922284943896577,6822,1890
773704687002451968,7043,1783
773670353721753600,5676,1416
773547596996571136,23538,6728
773336787167145985,0,5558
773308824254029826,24777,8156
773247561583001600,10050,3501
773191612633579521,10646,4486
772877495989305348,9142,4225
772826264096874500,8510,2539
772615324260794368,0,3681
772581559778025472,6896,1844
772193107915964416,6402,1508
772152991789019136,4029,1223
772117678702071809,3998,801
772114945936949249,2891,516
772102971039580160,4268,1009
771908950375665664,7007,2065
771770456517009408,12787,3710
771500966810099713,8820,2863
771380798096281600,11216,5558
771171053431250945,0,8247
771136648247640064,9798,3196
771102124360998913,6642,1562
771014301343748096,7320,1803
771004394259247104,0,240
770787852854652928,5281,1329
770772759874076672,5535,1539
770655142660169732,7803,1895
770414278348247044,6706,2244
770293558247038976,6650,1625
770093767776997377,0,3312
770069151037685760,8073,2506
769940425801170949,33499,10519
769695466921623552,6803,1804
769335591808995329,0,8371
769212283578875904,5744,1868
768970937022709760,15346,7123
768909767477751808,0,2941
768855141948723200,4462,967
768609597686943744,4378,1320
768596291618299904,5344,1388
768554158521745409,0,6340
768473857036525572,14523,3724
768193404517830656,11613,3857
767884188863397888,5060,1528
767754930266464257,17070,5861
767500508068192258,7963,2538
767191397493538821,13065,4147
767122157629476866,10781,3105
766864461642756096,0,6155
766793450729734144,5400,1475
766714921925144576,2768,421
766693177336135680,4295,862
766423258543644672,6405,1736
766313316352462849,7213,2045
766078092750233600,0,2828
766069199026450432,4548,937
766008592277377025,3980,537
765719909049503744,7710,2340
765669560888528897,5529,1324
765395769549590528,28073,3689
765371061932261376,7549,2346
765222098633691136,12353,3681
764857477905154048,6830,1926
764259802650378240,6437,1651
763956972077010945,788,59
763837565564780549,13407,4538
763183847194451968,5748,1602
763167063695355904,0,3278
763103485927849985,7822,2479
762699858130116608,12937,3934
762471784394268675,11996,7035
762464539388485633,10972,4568
762316489655476224,5121,1226
762035686371364864,34025,16942
761976711479193600,5741,2196
761750502866649088,0,4277
761745352076779520,4520,935
761672994376806400,52659,31521
761599872357261312,4384,1275
761371037149827077,0,19493
761334018830917632,5531,1574
761292947749015552,4743,1192
761227390836215808,5643,1690
761004547850530816,12012,3767
760893934457552897,4053,1055
760656994973933572,7018,2094
760641137271070720,5259,1404
760539183865880579,8047,3941
760521673607086080,4485,1517
760290219849637889,28471,12463
760252756032651264,4182,937
760190180481531904,6056,1963
760153949710192640,0,34
759943073749200896,6302,2269
759923798737051648,15599,6155
759846353224826880,7135,2148
759793422261743616,6322,2060
759566828574212096,0,22907
759557299618865152,4992,1271
759447681597108224,9005,2658
759446261539934208,1773,526
759197388317847553,6429,2113
759159934323924993,0,1262
759099523532779520,15437,4525
759047813560868866,6913,2189
758854675097526272,3768,968
758828659922702336,11858,4156
758740312047005698,6073,1739
758474966123810816,4056,1077
758467244762497024,5097,2417
758405701903519748,5510,2091
758355060040593408,3647,1177
758099635764359168,20355,10915
758041019896193024,2867,406
757741869644341248,7300,3530
757729163776290825,0,8782
757725642876129280,4815,1319
757611664640446465,4835,1213
757597904299253760,0,315
757596066325864448,4610,1145
757400162377592832,16070,7403
757393109802180609,6192,1893
757354760399941633,4784,1543
756998049151549440,6643,2153
756939218950160384,7061,2178
756651752796094464,5372,1423
756526248105566208,11026,3916
756303284449767430,4189,1175
756288534030475264,45355,18935
756275833623502848,6825,1650
755955933503782912,7777,3129
755206590534418437,17436,5828
755110668769038337,22504,11997
754874841593970688,0,8678
754856583969079297,7287,2737
754747087846248448,2734,567
754482103782404096,5624,2111
754449512966619136,3963,797
754120377874386944,8302,2534
753655901052166144,6191,2356
753420520834629632,8390,3861
753398408988139520,6126,2078
753375668877008896,8084,2523
753298634498793472,0,6243
753294487569522689,3600,1127
753039830821511168,39307,22661
753026973505581056,4122,1055
752932432744185856,13367,7386
752917284578922496,7299,1704
752701944171524096,0,3122
752682090207055872,6342,1740
752660715232722944,4667,1707
752568224206688256,5853,2470
752519690950500352,7807,3724
752334515931054080,4038,1190
752309394570878976,0,18046
752173152931807232,6296,1998
751950017322246144,3256,1006
751937170840121344,5520,1456
751830394383790080,6139,2120
751793661361422336,6207,3148
751598357617971201,8360,3291
751583847268179968,4661,1205
751538714308972544,5328,1373
751456908746354688,3386,1078
751251247299190784,13223,6337
751205363882532864,6676,1977
751132876104687617,5375,1411
750868782890057730,5045,1499
750719632563142656,13974,5453
750506206503038976,4699,1244
750429297815552001,13932,4650
750383411068534784,4810,1227
750381685133418496,731,32
750147208377409536,3276,1044
750132105863102464,3844,1374
750117059602808832,4580,1405
750101899009982464,3214,910
750086836815486976,2300,591
750071704093859840,8310,3608
750056684286914561,3314,969
750041628174217216,3355,670
750026558547456000,2867,853
750011400160841729,3432,984
749996283729883136,3206,874
749981277374128128,5403,2643
749774190421639168,4911,1418
749417653287129088,6438,1802
749403093750648834,2776,589
749395845976588288,9092,3740
749317047558017024,5796,2391
749075273010798592,6091,2232
749064354620928000,5060,1629
749036806121881602,3274,843
748977405889503236,11320,3666
748932637671223296,6180,2439
748705597323898880,2925,1022
748699167502000129,4997,1724
748692773788876800,4476,1435
748575535303884801,6403,2150
748568946752774144,2299,726
748346686624440324,5516,1337
748337862848962560,8128,4442
748324050481647620,3899,826
748307329658011649,3869,770
748220828303695873,14912,8390
747963614829678593,6100,2311
747933425676525569,6987,2750
747885874273214464,3113,1062
747844099428986880,2958,809
747816857231626240,5114,1253
747651430853525504,1457,169
747648653817413632,13604,6292
747600769478692864,2446,591
747594051852075008,3898,1132
747512671126323200,5851,1707
747461612269887489,4074,1112
747439450712596480,5719,2073
747242308580548608,0,3099
747219827526344708,5566,1703
747204161125646336,3566,992
747103485104099331,10090,4296
746906459439529985,3045,318
746872823977771008,6317,2309
746818907684614144,5577,1855
746790600704425984,5147,1711
746757706116112384,10085,4196
746726898085036033,6362,1925
746542875601690625,5308,2006
746521445350707200,0,1057
746507379341139972,4876,1162
746369468511756288,6486,1767
746131877086527488,7278,2366
746056683365994496,3737,874
745789745784041472,4245,1146
745712589599014916,7361,2488
745433870967832576,7476,2726
745422732645535745,9022,2609
745314880350101504,7547,2980
745074613265149952,8253,3789
745057283344719872,7614,2444
744995568523612160,3127,671
744971049620602880,8296,2891
744709971296780288,5881,1674
744334592493166593,7126,2296
744234799360020481,164689,83927
744223424764059648,1787,401
743980027717509120,4374,1168
743895849529389061,3829,1027
743835915802583040,0,2238
743609206067040256,4712,1478
743595368194129920,19428,7045
743545585370791937,3710,1002
743510151680958465,8315,3960
743253157753532416,4457,1308
743222593470234624,6520,2041
743210557239623680,4029,1462
742534281772302336,7408,3808
742528092657332225,4665,2136
742465774154047488,7634,4166
742423170473463808,10341,4071
742385895052087300,7147,2135
742161199639494656,4565,1472
742150209887731712,5398,1671
741793263812808706,4791,1616
741743634094141440,8598,2965
741438259667034112,3861,896
741303864243200000,9219,3471
741099773336379392,10564,5943
741067306818797568,9929,3312
740995100998766593,6722,2966
740711788199743490,3579,999
740699697422163968,2976,839
740676976021798912,19072,7281
740373189193256964,36554,14242
740365076218183684,2606,469
740359016048689152,3463,916
740214038584557568,7018,2106
739979191639244800,20978,6340
739932936087216128,4254,1155
739844404073074688,3985,915
739623569819336705,3992,1453
739606147276148736,5658,1773
739544079319588864,41685,22907
739485634323156992,7548,3149
739238157791694849,121699,62188
738891149612572673,113,6
738885046782832640,3954,1223
738883359779196928,3507,870
738537504001953792,5348,1670
738402415918125056,3421,905
738184450748633089,4522,1295
738166403467907072,9243,3645
738156290900254721,2661,700
737826014890496000,5531,1883
737800304142471168,10485,3704
737678689543020544,5291,1430
737445876994609152,10796,4773
737322739594330112,3790,869
737310737551491075,15411,7931
736736130620620800,4529,1855
736392552031657984,18638,7932
736365877722001409,4183,1342
736225175608430592,8531,2964
736010884653420544,8285,3185
735991953473572864,3770,1229
735648611367784448,4204,1175
735635087207878657,6480,2516
735274964362878976,13636,5425
735256018284875776,3504,949
735137028879360001,3286,1038
734912297295085568,2867,550
734787690684657664,13178,6735
734776360183431168,2634,583
734559631394082816,1570,423
733828123016450049,3768,829
733822306246479872,3849,1078
733482008106668032,3293,1014
733460102733135873,4418,1366
733109485275860992,51574,17956
732732193018155009,2562,574
732726085725589504,3702,946
732585889486888962,3866,822
732375214819057664,8478,2695
732005617171337216,15667,5833
731285275100512256,3658,1050
731156023742988288,4019,1359
730924654643314689,6428,2113
730573383004487680,5156,2301
730427201120833536,3630,1111
730211855403241472,4008,1130
730196704625098752,5115,2049
729854734790754305,4223,1203
729838605770891264,1788,410
729823566028484608,4177,1322
729463711119904772,6079,2465
729113531270991872,1974,350
728986383096946689,3308,878
728760639972315136,4892,1819
728751179681943552,2910,725
728653952833728512,3465,1108
728409960103686147,5142,2142
728387165835677696,3843,1021
728046963732717569,4513,1255
728035342121635841,4767,1778
728015554473250816,4296,1164
727685679342333952,3071,683
727644517743104000,6168,1863
727524757080539137,4675,1302
727314416056803329,3481,801
727286334147182592,3186,871
727175381690781696,4053,1468
727155742655025152,3810,1409
726935089318363137,7207,2612
726887082820554753,4015,1605
726828223124897792,3715,1074
726224900189511680,4621,1227
725842289046749185,7384,2828
725786712245440512,4360,1449
725729321944506368,5426,1895
725458796924002305,1476,663
724983749226668032,3881,1388
724771698126512129,2480,685
724405726123311104,5549,1757
724049859469295616,4519,1883
724046343203856385,2784,595
724004602748780546,4376,1680
723912936180330496,4072,1306
723688335806480385,8064,3176
723673163800948736,3165,950
723179728551723008,5539,1999
722974582966214656,4301,1674
722613351520608256,5187,1742
721503162398597120,4873,1994
721001180231503872,2647,656
720785406564900865,3253,820
720775346191278080,2594,722
720415127506415616,4317,1592
720389942216527872,6714,2683
720340705894408192,3003,1037
720059472081784833,4065,1200
720043174954147842,5132,2138
719991154352222208,5056,1861
719704490224398336,4775,1547
719551379208073216,5287,2051
719367763014393856,2921,786
719339463458033665,4616,1335
719332531645071360,3570,1017
718971898235854848,3649,1166
718939241951195136,5480,1875
718631497683582976,19762,8604
718613305783398402,2549,514
718540630683709445,2597,1079
718460005985447936,2819,564
718454725339934721,5088,1604
718246886998687744,2020,532
718234618122661888,4056,1069
717841801130979328,2567,631
717790033953034240,3019,1202
717537687239008257,6019,1962
717428917016076293,1681,484
717421804990701568,3293,899
717047459982213120,6556,2031
717009362452090881,3420,1038
716802964044845056,4470,1254
716791146589110272,6248,1526
716730379797970944,1287,455
716447146686459905,13711,6282
716439118184652801,2473,227
716285507865542656,2906,1156
716080869887381504,7026,2047
715928423106027520,3335,931
715758151270801409,3909,1514
715733265223708672,4887,1799
715704790270025728,2920,605
715696743237730304,4082,1369
715680795826982913,4530,1726
715360349751484417,5716,1679
715342466308784130,3163,726
715220193576927233,2525,696
715200624753819648,5354,2010
715009755312439296,4356,1321
714982300363173890,3929,1105
714962719905021952,7702,4548
714957620017307648,4331,1513
714631576617938945,3422,1070
714606013974974464,3794,987
714485234495041536,2831,1233
714258258790387713,3147,763
714251586676113411,3419,895
714214115368108032,2375,938
714141408463036416,4507,1498
713919462244790272,3428,827
713909862279876608,2004,579
713900603437621249,2965,792
713761197720473600,5107,1468
713411074226274305,4617,1375
713177543487135744,7533,3014
713175907180089344,4664,1556
712809025985978368,19471,7183
712717840512598017,12929,5334
712668654853337088,4351,1295
712438159032893441,5573,1668
712309440758808576,255,25
712097430750289920,3975,1105
712092745624633345,3080,957
712085617388212225,3395,516
712065007010385924,2365,667
711998809858043904,0,134
711968124745228288,8436,2464
711743778164514816,2974,1049
711732680602345472,9305,4393
711694788429553666,34379,19493
711652651650457602,4050,979
711363825979756544,3829,1208
711306686208872448,3463,780
711008018775851008,3135,662
710997087345876993,4765,1486
710844581445812225,2667,736
710833117892898816,2818,575
710658690886586372,2423,603
710609963652087808,5025,2506
710588934686908417,4767,2000
710296729921429505,2482,787
710283270106132480,2234,550
710272297844797440,4739,1343
710269109699739648,2514,1203
710153181850935296,3048,953
710140971284037632,2901,954
710117014656950272,5769,2123
709918798883774466,3127,1140
709901256215666688,705,105
709852847387627521,3671,1275
709566166965075968,3713,1285
709556954897764353,3443,1134
709519240576036864,1556,256
709449600415961088,2331,624
709409458133323776,2736,740
709225125749587968,2515,609
709207347839836162,13222,6227
709198395643068416,2526,684
709179584944730112,2110,719
709158332880297985,2139,449
709042156699303936,4983,1751
708853462201716736,1882,700
708845821941387268,3120,956
708834316713893888,1776,538
708810915978854401,17287,7419
708738143638450176,2876,872
708711088997666817,2674,775
708479650088034305,2670,720
708469915515297792,3236,877
708400866336894977,16791,10801
708356463048204288,3792,1427
708349470027751425,2467,788
708149363256774660,4482,1643
708130923141795840,3552,892
708119489313951744,2813,1044
708109389455101952,2025,578
708026248782585858,4573,2041
707995814724026368,3277,1199
707983188426153984,51,2
707969809498152960,2827,1034
707776935007539200,3440,1010
707741517457260545,2615,653
707738799544082433,4297,2639
707693576495472641,3609,1069
707629649552134146,2706,939
707610948723478529,17799,6851
707420581654872064,2388,739
707411934438625280,2389,637
707387676719185920,3676,1389
707377100785885184,3440,1154
707315916783140866,2599,684
707297311098011648,2900,850
707059547140169728,2702,726
707038192327901184,2301,850
707021089608753152,4270,1463
707014260413456384,2422,638
706904523814649856,15310,8371
706901761596989440,2170,640
706681918348251136,3482,1033
706644897839910912,2706,1169
706593038911545345,2264,670
706538006853918722,3626,1511
706516534877929472,3247,1107
706346369204748288,3617,986
706310011488698368,22470,8530
706291001778950144,1787,499
706265994973601792,2867,982
706169069255446529,4094,2375
706166467411222528,5409,1719
706153300320784384,1566,414
705975130514706432,3254,788
705970349788291072,3293,951
705898680587526145,2495,597
705786532653883392,2049,561
705591895322394625,3324,1229
705475953783398401,3102,988
705442520700944385,4673,1753
705428427625635840,4010,1808
705239209544720384,3143,803
705223444686888960,2703,863
705102439679201280,2257,545
705066031337840642,2282,645
704871453724954624,4480,1186
704859558691414016,2366,582
704847917308362754,5365,1637
704819833553219584,2763,1068
704761120771465216,6962,3099
704499785726889984,3087,1067
704491224099647488,805,88
704480331685040129,3569,1131
704364645503647744,8434,3806
704347321748819968,1669,374
704134088924532736,1587,500
704113298707505153,1951,603
704054845121142784,3063,977
703774238772166656,1939,498
703769065844768768,3457,1213
703631701117943808,2722,739
703611486317502464,4061,1620
703425003149250560,3988,1474
703407252292673536,2574,743
703382836347330562,3682,1215
703356393781329922,2010,414
703268521220972544,2065,584
703079050210877440,7763,3316
703041949650034688,27716,13411
702932127499816960,2722,773
702899151802126337,1690,483
702684942141153280,3374,1154
702671118226825216,2309,601
702598099714314240,10862,3494
702539513671897089,3022,1019
702332542343577600,3359,1665
702321140488925184,3451,1101
702276748847800320,2599,816
702217446468493312,5048,1431
701981390485725185,3622,1060
701952816642965504,4002,1093
701889187134500865,3742,1471
701805642395348998,3613,1816
701601587219795968,2195,489
701570477911896070,2969,1001
701545186879471618,2795,655
701214700881756160,12843,5470
700890391244103680,2332,615
700864154249383937,2721,655
700847567345688576,2554,536
700796979434098688,2559,1027
700747788515020802,23996,10008
700518061187723268,2775,856
700505138482569216,2396,609
700462010979500032,4351,1925
700167517596164096,2781,797
700151421916807169,2352,707
700143752053182464,7921,2941
700062718104104960,2781,743
700029284593901568,2177,626
700002074055016451,3478,1441
699801817392291840,3215,1026
699788877217865730,2358,530
699779630832685056,2919,1327
699775878809702401,2063,647
699691744225525762,10784,4909
699446877801091073,6242,2797
699434518667751424,2282,543
699423671849451520,1445,353
699413908797464576,2174,661
699370870310113280,1979,468
699323444782047232,3324,922
699088579889332224,2352,670
699079609774645248,2577,702
699072405256409088,3160,1266
699060279947165696,3970,1933
699036661657767936,2740,1277
698989035503689728,3550,1052
698953797952008193,2845,968
698907974262222848,2665,664
698710712454139905,2600,728
698703483621523456,1523,406
698635131305795584,1350,364
698549713696649216,2439,661
698355670425473025,1968,484
698342080612007937,2382,1011
698262614669991936,4997,2146
698195409219559425,17607,6372
698178924120031232,2944,790
697995514407682048,1606,358
697990423684476929,3457,1386
697943111201378304,2524,736
697881462549430272,3168,1273
697630435728322560,1838,575
697616773278015490,3328,1084
697596423848730625,3192,1350
697575480820686848,2146,538
697516214579523584,2182,1212
697482927769255936,2548,721
697463031882764288,3587,1474
697270446429966336,4917,1987
697259378236399616,3454,1067
697255105972801536,3173,1239
697242256848379904,2643,710
696900204696625153,3353,1095
696894894812565505,2459,723
696886256886657024,5087,1919
696877980375769088,2559,761
696754882863349760,1550,381
696744641916489729,2169,1006
696713835009417216,2498,690
696518437233913856,4092,1816
696490539101908992,1280,156
696488710901260288,2667,1107
696405997980676096,3380,1217
696100768806522880,2035,713
695816827381944320,3162,1247
695794761660297217,3352,840
695767669421768709,1967,798
695629776980148225,4803,2244
695446424020918272,4591,1940
695409464418041856,9081,3818
695314793360662529,3826,1575
695095422348574720,2784,656
695074328191332352,2992,1182
695064344191721472,1687,641
695051054296211456,2804,840
694925794720792577,2829,976
694905863685980160,2895,1000
694669722378485760,37556,15462
694356675654983680,1584,311
694352839993344000,2142,665
694342028726001664,1657,523
694329668942569472,2110,537
694206574471057408,4402,2171
694183373896572928,3094,995
694001791655137281,3566,1105
693993230313091072,1964,433
693942351086120961,1819,395
693647888581312512,2839,635
693644216740769793,1414,135
693642232151285760,2664,445
693629975228977152,2579,854
693622659251335168,1627,397
693590843962331137,5328,2113
693582294167244802,1725,273
693486665285931008,1871,675
693280720173801472,3540,1325
693267061318012928,2516,876
693262851218264065,2347,535
693231807727280129,3012,786
693155686491000832,8291,3419
693109034023534592,1809,657
693095443459342336,1971,495
692919143163629568,2813,799
692905862751522816,2561,939
692901601640583168,1881,648
692894228850999298,2397,866
692828166163931137,3027,942
692752401762250755,7181,3882
692568918515392513,4565,1646
692535307825213440,3365,1452
692530551048294401,1938,449
692423280028966913,1555,245
692417313023332352,9812,3713
692187005137076224,2654,876
692158366030913536,2262,849
692142790915014657,1726,421
692041934689402880,3578,1361
692017291282812928,3015,1019
691820333922455552,4156,1773
691793053716221953,8527,4493
691756958957883396,3040,1094
691675652215414786,2047,544
691483041324204033,2495,606
691459709405118465,4275,1233
691444869282295808,2789,907
691416866452082688,20335,8186
691321916024623104,2702,707
691096613310316544,3115,952
691090071332753408,1797,359
690989312272396288,6217,3076
690959652130045952,3776,1344
690938899477221376,4352,2132
690932576555528194,3457,1094
690735892932222976,3986,1371
690728923253055490,2286,553
690690673629138944,2449,855
690649993829576704,1376,300
690607260360429569,305,17
690597161306841088,2067,646
690400367696297985,1974,485
690374419777196032,3434,922
690360449368465409,2779,955
690348396616552449,1586,549
690248561355657216,1770,438
690021994562220032,2938,1107
690015576308211712,2648,792
690005060500217858,3862,1806
689999384604450816,1500,400
689993469801164801,1543,488
689977555533848577,1441,477
689905486972461056,2561,742
689877686181715968,3184,1267
689835978131935233,2272,807
689661964914655233,3363,997
689659372465688576,10907,4154
689623661272240129,2352,691
689599056876867584,12230,5921
689557536375177216,2159,493
689517482558820352,3567,1530
689289219123089408,2371,1000
689283819090870273,3455,1184
689280876073582592,2100,770
689275259254616065,1218,263
689255633275777024,2689,1162
689154315265683456,3226,1074
689143371370250240,2127,552
688916208532455424,2872,933
688908934925697024,2228,826
688898160958271489,2215,845
688894073864884227,2350,742
688828561667567616,1459,398
688804835492233216,1010,209
688789766343622656,2337,714
688547210804498433,2748,755
688519176466644993,2436,787
688385280030670848,9774,4770
688211956440801280,2345,894
688179443353796608,2226,629
688116655151435777,2975,839
688064179421470721,1818,385
687841446767013888,5760,2705
687826841265172480,2880,1206
687818504314159109,2635,1015
687807801670897665,2519,753
687732144991551489,1854,700
687704180304273409,2566,896
687664829264453632,2040,548
687494652870668288,2014,614
687480748861947905,1684,261
687476254459715584,2078,572
687460506001633280,2159,584
687399393394311168,1994,674
687317306314240000,21148,9800
687312378585812992,4590,2032
687127927494963200,5753,2456
687124485711986689,2280,543
687109925361856513,6116,2636
687102708889812993,2466,1063
687096057537363968,2365,650
686947101016735744,9063,3406
686760001961103360,3701,1476
686749460672679938,3656,1562
686730991906516992,4375,1285
686683045143953408,2959,860
686618349602762752,3882,1455
686606069955735556,1995,583
686394059078897668,1836,727
686386521809772549,3429,941
686377065986265092,2337,601
686358356425093120,2313,728
686286779679375361,4217,1784
686050296934563840,2326,781
686035780142297088,1213,129
686034024800862208,3283,1247
686007916130873345,2610,449
686003207160610816,1918,678
685973236358713344,2221,563
685943807276412928,1716,644
685906723014619143,7922,3124
685681090388975616,2137,137
685667379192414208,2463,615
685663452032069632,3422,1570
685641971164143616,3086,834
685547936038666240,34700,16820
685532292383666176,3198,1234
685325112850124800,9984,4277
685321586178670592,2782,687
685315239903100929,3523,1157
685307451701334016,2172,472
685268753634967552,3253,1296
685198997565345792,2456,715
685169283572338688,4315,1525
684969860808454144,2490,408
684959798585110529,7178,3361
684940049151070208,3384,1119
684926975086034944,3684,502
684914660081053696,3691,1567
684902183876321280,1978,569
684880619965411328,2209,879
684830982659280897,36898,23181
684800227459624960,2851,1069
684594889858887680,9414,3795
684588130326986752,4331,1503
684567543613382656,3166,1323
684538444857667585,2791,1028
684481074559381504,4074,1253
684460069371654144,2082,595
684241637099323392,8577,3551
684225744407494656,1304,228
684222868335505415,4049,1476
684200372118904832,2275,1106
684195085588783105,2015,559
684188786104872960,3662,1256
684177701129875456,2122,723
684147889187209216,3135,1605
684122891630342144,2094,511
684097758874210310,4324,1545
683857920510050305,3999,1198
683852578183077888,2029,377
683849932751646720,2758,1052
683834909291606017,2762,1192
683828599284170753,2944,1136
683773439333797890,3521,1456
683742671509258241,6842,3569
683515932363329536,7751,3122
683498322573824003,3339,1030
683481228088049664,2772,1067
683462770029932544,2557,716
683449695444799489,4104,1725
683391852557561860,8011,2568
683357973142474752,3084,1005
683142553609318400,3032,1113
683111407806746624,3570,977
683098815881154561,2278,707
683078886620553216,2087,601
683030066213818368,2264,785
682962037429899265,38875,17914
682808988178739200,1864,193
682788441537560576,2600,1199
682750546109968385,1601,468
682697186228989953,1377,386
682662431982772225,3204,1162
682638830361513985,2163,646
682429480204398592,3609,1250
682406705142087680,7980,1890
682393905736888321,2353,733
682389078323662849,1756,503
682303737705140231,3237,1072
682259524040966145,4388,1303
682242692827447297,3421,1270
682088079302213632,19253,10624
682059653698686977,5221,1814
682047327939461121,3378,1034
682032003584274432,6925,2156
682003177596559360,3305,1642
681981167097122816,2926,1105
681891461017812993,2595,887
681694085539872773,13432,4345
681679526984871937,1850,482
681654059175129088,2780,995
681610798867845120,2008,508
681579835668455424,3718,1400
681523177663676416,15056,6243
681340665377193984,1725,299
681339448655802368,9760,4357
681320187870711809,2788,811
681302363064414209,4144,1962
681297372102656000,3360,1028
681281657291280384,3389,1181
681261549936340994,1527,295
681242418453299201,1571,580
681231109724700672,2516,519
681193455364796417,3898,1602
680970795137544192,2551,715
680959110691590145,4788,2139
680940246314430465,3383,1132
680934982542561280,2185,471
680913438424612864,2510,663
680889648562991104,1851,394
680836378243002368,3629,1429
680805554198020098,2272,711
680801747103793152,2488,888
680798457301471234,2996,1120
680609293079592961,2767,768
680583894916304897,3806,1444
680497766108381184,4444,2053
680494726643068929,1798,518
680473011644985345,2672,801
680440374763077632,1523,544
680221482581123072,1520,309
680206703334408192,2981,1260
680191257256136705,2253,540
680176173301628928,4098,1683
680161097740095489,2434,787
680145970311643136,3799,1871
680130881361686529,2401,1018
680115823365742593,2846,972
680100725817409536,3752,1465
680085611152338944,13436,9558
680070545539371008,2702,938
680055455951884288,17537,7620
679877062409191424,2066,691
679872969355714560,2282,713
679862121895714818,2577,668
679854723806179328,3008,1321
679844490799091713,2487,821
679828447187857408,38037,15047
679777920601223168,3227,1195
679736210798047232,2188,851
679729593985699840,2267,879
679722016581222400,1736,501
679530280114372609,4987,2219
679527802031484928,2773,774
679511351870550016,3530,1364
679503373272485890,3305,1587
679475951516934144,2196,686
679462823135686656,33267,20169
679405845277462528,2491,1287
679158373988876288,22508,8678
679148763231985668,2898,1102
679132435750195208,3107,1237
679111216690831360,6232,2734
679062614270468097,17871,8782
679047485189439488,2357,729
679001094530465792,2957,1319
678991772295516161,2437,1256
678969228704284672,1715,495
678800283649069056,2694,963
678798276842360832,3643,1271
678774928607469569,2928,985
678767140346941444,3698,1463
678764513869611008,1712,508
678755239630127104,7471,3534
678740035362037760,3930,1814
678708137298427904,5821,2598
678675843183484930,3005,1582
678643457146150913,2147,453
678446151570427904,4181,1671
678424312106393600,5652,2707
678410210315247616,4426,1947
678399652199309312,82491,33903
678396796259975168,1658,449
678389028614488064,1950,449
678380236862578688,2550,967
678341075375947776,1800,572
678334497360859136,1358,279
678278586130948096,11980,6482
678255464182861824,1652,396
678023323247357953,2008,410
678021115718029313,14369,6784
677961670166224897,3568,1790
677918531514703872,1405,436
677895101218201600,5043,2241
677716515794329600,3181,1029
677700003327029250,3542,1535
677698403548192770,1278,339
677687604918272002,2583,896
677673981332312066,3485,1596
677662372920729601,2031,1040
677644091929329666,1954,846
677573743309385728,2233,769
677565715327688705,1348,484
677557565589463040,2541,1238
677547928504967168,7217,3868
677530072887205888,1118,240
677335745548390400,3162,1905
677334615166730240,1417,314
677331501395156992,1134,251
677328882937298944,3781,1587
677314812125323265,1712,569
677301033169788928,1292,435
677269281705472000,2074,747
677228873407442944,3690,1740
677187300187611136,2844,980
676975532580409345,2889,1136
676957860086095872,2300,857
676949632774234114,1353,422
676948236477857792,2263,923
676946864479084545,1773,400
676942428000112642,2157,806
676936541936185344,13198,5207
676916996760600576,3077,1909
676897532954456065,2343,764
676864501615042560,2187,753
676821958043033607,23961,16568
676819651066732545,1871,704
676811746707918848,1469,448
676776431406465024,5188,2123
676617503762681856,3013,1043
676613908052996102,1130,207
676606785097199616,1955,465
676603393314578432,1212,411
676593408224403456,4751,2281
676590572941893632,947,135
676588346097852417,2424,846
676582956622721024,1254,296
676575501977128964,2690,1186
676533798876651520,1953,593
676496375194980353,1577,567
676470639084101634,12043,4938
676440007570247681,1784,703
676430933382295552,1452,364
676263575653122048,2155,580
676237365392908289,1268,309
676219687039057920,77638,32769
676215927814406144,1801,620
676191832485810177,2366,1083
676146341966438401,1985,705
676121918416756736,2224,1223
676101918813499392,2914,1224
676098748976615425,3120,1519
676089483918516224,1366,452
675898130735476737,1698,603
675891555769696257,2208,920
675888385639251968,2461,1013
675878199931371520,4326,1473
675870721063669760,1697,601
675853064436391936,2783,1368
675849018447167488,977,157
675845657354215424,2366,935
675822767435051008,1581,562
675820929667219457,1086,242
675798442703122432,10603,3572
675781562965868544,1676,499
675740360753160193,1208,365
675710890956750848,1954,868
675707330206547968,2052,734
675706639471788032,668,103
675534494439489536,1878,439
675531475945709568,1220,404
675522403582218240,1073,300
675517828909424640,1349,481
675501075957489664,17688,6115
675497103322386432,3243,1363
675489971617296384,1343,624
675483430902214656,1909,1020
675432746517426176,1573,597
675372240448454658,1750,531
675362609739206656,1080,239
675354435921575936,33844,18046
675349384339542016,4038,2377
675334060156301312,2872,1359
675166823650848770,3723,1693
675153376133427200,6489,2739
675149409102012420,3860,1765
675147105808306176,972,253
675146535592706048,1232,328
675145476954566656,2201,947
675135153782571009,1338,517
675113801096802304,2010,818
675111688094527488,991,265
675109292475830276,2884,1189
675047298674663426,1091,342
675015141583413248,2798,1257
675006312288268288,1011,236
675003128568291329,1596,495
674999807681908736,2314,1151
674805413498527744,884,370
674800520222154752,3087,898
674793399141146624,2570,1142
674790488185167872,1136,263
674788554665512960,835,218
674781762103414784,2059,1261
674774481756377088,1159,496
674767892831932416,1879,830
674764817387900928,804,249
674754018082705410,1400,468
674752233200820224,1500,486
674743008475090944,1440,581
674742531037511680,500,54
674739953134403584,1141,412
674737130913071104,664,96
674690135443775488,1181,487
674670581682434048,1658,683
674664755118911488,946,264
674646392044941312,1482,524
674644256330530816,1059,281
674638615994089473,1728,605
674632714662858753,1542,603
674606911342424069,961,102
674468880899788800,6391,2154
674447403907457024,1088,372
674436901579923456,1141,412
674422304705744896,1473,556
674416750885273600,702,146
674410619106390016,1228,485
674394782723014656,1538,596
674372068062928900,866,323
674330906434379776,576,76
674318007229923329,1448,536
674307341513269249,11620,7252
674291837063053312,15128,6150
674271431610523648,1609,760
674269164442398721,921,235
674265582246694913,1675,886
674262580978937856,1336,473
674255168825880576,1507,582
674082852460433408,775,177
674075285688614912,1003,299
674063288070742018,6522,2314
674053186244734976,3407,1352
674051556661161984,1474,503
674045139690631169,1452,664
674042553264685056,738,134
674038233588723717,1124,426
674036086168010753,863,223
674024893172875264,1826,1278
674019345211760640,1158,312
674014384960745472,1600,673
674008982932058114,1230,368
673956914389192708,1993,1003
673919437611909120,1195,383
673906403526995968,3273,1682
673887867907739649,953,262
673716320723169284,3139,788
673715861853720576,3617,2166
673711475735838725,1057,308
673709992831262724,867,284
673708611235921920,1101,300
673707060090052608,1118,405
673705679337693185,1283,413
673700254269775872,1473,594
673697980713705472,3882,2038
673689733134946305,1777,676
673688752737402881,1290,515
673686845050527744,1475,454
673680198160809984,1401,484
673662677122719744,1278,373
673656262056419329,730,253
673636718965334016,1138,374
673612854080196609,1620,747
673583129559498752,1220,381
673580926094458881,850,276
673576835670777856,1414,582
673363615379013632,1045,317
673359818736984064,1484,694
673355879178194945,1523,605
673352124999274496,1687,556
673350198937153538,755,221
673345638550134785,2582,1325
673343217010679808,992,280
673342308415348736,1298,610
673320132811366400,13752,8247
673317986296586240,886,269
673295268553605120,7677,3278
673270968295534593,1084,383
673240798075449344,1450,756
673213039743795200,2298,877
673148804208660480,1732,650
672997845381865473,2005,746
672995267319328768,974,307
672988786805112832,998,303
672984142909456390,1277,562
672980819271634944,1846,1036
672975131468300288,1721,948
672970152493887488,965,367
672968025906282496,1336,563
672964561327235073,1450,661
672902681409806336,1392,521
672898206762672129,912,434
672884426393653248,1582,856
672877615439593473,1053,381
672834301050937345,1336,589
672828477930868736,1274,506
672640509974827008,989,332
672622327801233409,1319,513
672614745925664768,1245,602
672609152938721280,1135,400
672604026190569472,1133,413
672594978741354496,1351,624
672591762242805761,969,344
672591271085670400,745,190
672538107540070400,1049,380
672523490734551040,655,178
672488522314567680,1136,450
672482722825261057,1156,625
672481316919734272,728,128
672475084225949696,1462,719
672466075045466113,1378,556
672272411274932228,6574,3500
672267570918129665,1530,634
672264251789176834,1168,349
672256522047614977,2872,1603
672254177670729728,1460,765
672248013293752320,1754,628
672245253877968896,701,162
672239279297454080,912,330
672231046314901505,1869,1043
672222792075620352,801,217
672205392827572224,2306,1190
672169685991993344,1040,380
672160042234327040,886,369
672139350159835138,1780,740
672125275208069120,2455,1178
672095186491711488,1017,377
672082170312290304,959,377
672068090318987265,1321,530
671896809300709376,8622,4287
671891728106971137,1355,585
671882082306625538,3534,1418
671879137494245376,1448,706
671874878652489728,1270,576
671866342182637568,1145,516
671855973984772097,924,465
671789708968640512,7183,3595
671768281401958400,1216,540
671763349865160704,1714,952
671744970634719232,1372,794
671743150407421952,752,238
671735591348891648,1477,778
671729906628341761,8658,4491
671561002136281088,13073,7452
671550332464455680,933,213
671547767500775424,1375,613
671544874165002241,2023,1079
671542985629241344,1110,583
671538301157904385,941,406
671536543010570240,1202,420
671533943490011136,1041,595
671528761649688577,850,265
671520732782923777,1421,540
671518598289059840,967,301
671511350426865664,1639,747
671504605491109889,7169,3649
671497587707535361,932,459
671488513339211776,1031,482
671486386088865792,589,212
671485057807351808,775,238
671390180817915904,1448,753
671362598324076544,1132,301
671357843010908160,406,151
671355857343524864,487,116
671347597085433856,980,441
671186162933985280,751,218
671182547775299584,1148,356
671166507850801152,891,361
671163268581498880,1691,1138
671159727754231808,383,84
671154572044468225,737,225
671151324042559489,685,159
671147085991960577,690,234
671141549288370177,1191,672
671138694582165504,950,417
671134062904504320,765,199
671122204919246848,3569,2598
671115716440031232,1385,795
671109016219725825,1169,453
670995969505435648,1126,301
670842764863651840,25024,9012
670840546554966016,607,200
670838202509447168,1138,717
670833812859932673,458,128
670832455012716544,749,225
670826280409919488,5661,4182
670823764196741120,792,198
670822709593571328,624,99
670815497391357952,3235,1586
670811965569282048,1153,277
670807719151067136,1173,504
670804601705242624,2007,985
670803562457407488,348,89
670797304698376195,748,243
670792680469889025,849,285
670789397210615808,676,247
670786190031921152,611,207
670783437142401025,834,406
670782429121134593,1596,797
670780561024270336,796,297
670778058496974848,333,74
670764103623966721,1096,436
670755717859713024,452,114
670733412878163972,981,526
670727704916926465,842,371
670717338665226240,1235,510
670704688707301377,779,383
670691627984359425,599,250
670679630144274432,762,292
670676092097810432,255,44
670668383499735048,10923,5205
670474236058800128,1564,786
670468609693655041,359,87
670465786746662913,983,568
670452855871037440,559,213
670449342516494336,1216,692
670444955656130560,6841,2039
670442337873600512,653,203
670435821946826752,1074,532
670434127938719744,1431,665
670433248821026816,334,117
670428280563085312,1412,651
670427002554466305,526,169
670421925039075328,1338,655
670420569653809152,636,327
670417414769758208,578,328
670411370698022913,2068,927
670408998013820928,568,231
670403879788544000,441,162
670385711116361728,571,219
670374371102445568,756,277
670361874861563904,335,69
670338931251150849,434,114
670319130621435904,3935,1262
670303360680108032,434,139
670290420111441920,723,296
670093938074779648,1049,347
670086499208155136,710,262
670079681849372674,2260,1280
670073503555706880,1598,815
670069087419133954,644,251
670061506722140161,780,353
670055038660800512,682,340
670046952931721218,657,181
670040295598354432,769,115
670037189829525505,598,287
670003130994700288,342,96
669993076832759809,331,87
669972011175813120,455,168
669970042633789440,309,62
669942763794931712,518,172
669926384437997569,385,108
669923323644657664,242,59
669753178989142016,828,414
669749430875258880,275,67
669684865554620416,532,91
669683899023405056,396,114
669682095984410625,358,136
669680153564442624,680,299
669661792646373376,821,454
669625907762618368,3595,1863
669603084620980224,960,374
669597912108789760,520,155
669583744538451968,1515,954
669573570759163904,444,146
669571471778410496,1616,1049
669567591774625800,239,58
669564461267722241,393,128
669393256313184256,375,79
669375718304980992,1363,753
669371483794317312,503,186
669367896104181761,473,163
669363888236994561,637,236
669359674819481600,374,127
669354382627049472,2763,1306
669353438988365824,660,266
669351434509529089,451,193
669328503091937280,1030,430
669327207240699904,585,119
669324657376567296,504,214
669216679721873412,1209,414
669214165781868544,447,175
669203728096960512,1020,492
669037058363662336,673,322
669015743032369152,755,384
669006782128353280,589,258
669000397445533696,21247,6561
668994913074286592,449,240
668992363537309700,754,356
668989615043424256,695,338
668988183816871936,914,488
668986018524233728,563,173
668981893510119424,548,317
668979806671884288,805,356
668975677807423489,1328,599
668967877119254528,149,25
668960084974809088,720,245
668955713004314625,286,74
668932921458302977,272,59
668902994700836864,324,103
668892474547511297,401,155
668872652652679168,539,308
668852170888998912,460,171
668826086256599040,444,141
668815180734689280,581,278
668779399630725120,715,382
668655139528511488,541,223
668645506898350081,913,554
668643542311546881,899,543
668641109086707712,1099,554
668636665813057536,1062,502
668633411083464705,2872,1697
668631377374486528,734,326
668627278264475648,324,118
668625577880875008,395,138
668623201287675904,1466,796
668620235289837568,207,44
668614819948453888,621,322
668587383441514497,1700,1111
668567822092664832,250,57
668544745690562560,532,233
668542336805281792,470,222
668537837512433665,257,77
668528771708952576,472,232
668507509523615744,331,111
668496999348633600,420,135
668484198282485761,434,241
668480044826800133,471,152
668466899341221888,899,527
668297328638447616,632,306
668291999406125056,248,32
668286279830867968,517,142
668274247790391296,840,235
668268907921326080,563,243
668256321989451776,1325,636
668248472370458624,1013,501
668237644992782336,6315,2918
668226093875376128,303,106
668221241640230912,518,203
668204964695683073,558,200
668190681446379520,664,200
668171859951755264,501,201
668154635664932864,505,325
668142349051129856,576,294
668113020489474048,674,250
667937095915278337,1287,814
667924896115245057,307,113
667915453470232577,215,58
667911425562669056,497,311
667902449697558528,859,385
667886921285246976,1913,1115
667885044254572545,831,499
667878741721415682,397,122
667873844930215936,638,417
667866724293877760,3039,1057
667861340749471744,245,78
667832474953625600,292,63
667806454573760512,1069,508
667801013445750784,333,97
667793409583771648,709,336
667782464991965184,414,249
667773195014021121,239,58
667766675769573376,447,222
667728196545200128,380,152
667724302356258817,489,326
667550904950915073,0,35
667550882905632768,0,33
667549055577362432,5859,2327
667546741521195010,337,127
667544320556335104,878,533
667538891197542400,208,66
667534815156183040,827,551
667530908589760512,475,244
667524857454854144,1720,1131
667517642048163840,371,195
667509364010450944,6852,2166
667502640335572993,538,222
667495797102141441,527,276
667491009379606528,535,232
667470559035432960,259,100
667455448082227200,194,60
667453023279554560,315,91
667443425659232256,790,590
667437278097252352,453,242
667435689202614272,308,84
667405339315146752,472,221
667393430834667520,198,58
667369227918143488,368,167
667211855547486208,496,245
667200525029539841,619,263
667192066997374976,390,109
667188689915760640,745,422
667182792070062081,14422,6290
667177989038297088,191,55
667176164155375616,613,466
667174963120574464,246,84
667171260800061440,222,91
667165590075940865,2711,1154
667160273090932737,259,62
667152164079423490,48096,17341
667138269671505920,4637,2238
667119796878725120,331,128
667090893657276420,336,129
667073648344346624,405,124
667070482143944705,84,14
667065535570550784,167,48
667062181243039745,220,55
667044094246576128,185,51
667012601033924608,450,225
666996132027977728,247,94
666983947667116034,2562,991
666837028449972224,822,559
666835007768551424,216,80
666826780179869698,255,97
666817836334096384,521,252
666804364988780544,242,94
666786068205871104,764,488
666781792255496192,388,198
666776908487630848,351,175
666739327293083650,238,66
666701168228331520,431,219
666691418707132416,189,47
666649482315059201,1121,627
666644823164719104,233,82
666454714377183233,517,208
666447344410484738,105,20
666437273139982337,125,48
666435652385423360,165,53
666430724426358785,315,196
666428276349472768,165,83
666421158376562688,316,111
666418789513326592,124,45
666411507551481857,439,323
666407126856765440,107,40
666396247373291520,166,84
666373753744588802,186,92
666362758909284353,768,564
666353288456101888,217,71
666345417576210432,289,133
666337882303524864,196,90
666293911632134144,494,351
666287406224695296,145,64
666273097616637952,173,76
666268910803644416,102,35
666104133288665088,14135,6468
666102155909144576,80,12
666099513787052032,153,67
666094000022159362,163,72
666082916733198337,116,44
666073100786774016,318,162
666071193221509120,145,59
666063827256086533,471,214
666058600524156928,110,57
666057090499244032,292,140
666055525042405380,431,242
666051853826850816,1209,841
666050758794694657,132,59
666049248165822465,108,41
666044226329800704,295,139
666033412701032449,124,43
666029285002620928,129,47
666020888022790149,2535,507
